  0.422644537540703     
  0.422620579503440     
  0.422611541090098     
  0.422588372916904     
  0.422586539245821     
  0.422573739326319     
  0.422567047370393     
  0.422563665276829     
  0.422560143751812     
  0.422556611303904     
  0.422553859477049     
  0.422551728505477     
  0.422550207214820     
  0.422549030553124     
  0.422548093520427     
  0.422547372155248     
  0.422546764424746     
  0.422546297747813     
  0.422545952363655     
  0.422545680817758     
  0.422545448398973     
  0.422545265592391     
  0.422545141336796     
  0.422545042931049     
  0.422544942184647     
  0.422544911024324     
  0.422544840493124     
  0.422544815054163     
  0.422544778899051     
  0.422544753914189     
  0.422544740319112     
  0.422544730795663     
  0.422544705413761     
  0.422544699992278     
  0.422544663910902     
  0.422544663209277     
  0.422544669615000     
  0.422544670629218     
  0.422544683408272     
  0.422544673447062     
  0.422544646204226     
  0.422544682058408     
  0.422544680769378     
  0.422544662257414     
  0.422544666426941     
  0.422544676472855     
  0.422544650185283     
  0.422544651361049     
  0.422544673996596     
  0.422544656451153     
  0.422544643106187     
  0.422544679956926     
  0.422544675011040     
  0.422544660807364     
  0.422544639610899     
  0.422544637941307     
  0.422544645976486     
  0.422544652636529     
  0.422544681682359     
  0.422544679088834     
  0.422544657540761     
  0.422544646742583     
  0.422544673062921     
  0.422544671384844     
  0.422544670719059     
  0.422544663027802     
  0.422544672924827     
  0.422544665907791     
  0.422544644037246     
  0.422544639209835     
  0.422544663030766     
  0.422544658517721     
  0.422544679463631     
  0.422544643170271     
  0.422544668859360     
  0.422544643149658     
  0.422544667298205     
  0.422544668262774     
  0.422544664464368     
  0.422544689497706     
  0.422544660860868     
  0.422544677046654     
  0.422544671154524     
  0.422544662300131     
  0.422544660192367     
  0.422544670669566     
  0.422544661035179     
  0.422544670049179     
  0.422544651305184     
  0.422544666535972     
  0.422544655720735     
  0.422544660035250     
  0.422544659483660     
  0.422544661061404     
  0.422544638736632     
  0.422544674171695     
  0.422544677225934     
  0.422544670070862     
  0.422544653119511     
  0.422544638570839     
  0.422544653741444     
  0.422544672376305     
  0.422544686870092     
  0.422544652268323     
  0.422544650318958     
  0.422544667342566     
  0.422544641305857     
  0.422544665526300     
  0.422544650688118     
  0.422544675637876     
  0.422544653593561     
  0.422544687224231     
  0.422544673039101     
  0.422544676362875     
  0.422544659286082     
  0.422544653571341     
  0.422544662904285     
  0.422544649484122     
  0.422544656873382     
  0.422544660932751     
  0.422544650854593     
  0.422544663051787     
  0.422544660341851     
  0.422544671415716     
  0.422544674633970     
  0.422544664628094     
  0.422544668513791     
  0.422544664431070     
  0.422544672311635     
  0.422544659924220     
  0.422544660182120     
  0.422544661881828     
  0.422544636464245     
  0.422544657457684     
  0.422544660392622     
  0.422544672206555     
  0.422544664157936     
  0.422544657510167     
  0.422544653262856     
  0.422544649378020     
  0.422544642223772     
  0.422544664140714     
  0.422544664723007     
  0.422544671345350     
  0.422544687097836     
  0.422544672772652     
  0.422544640305668     
  0.422544622510653     
  0.422544658073249     
  0.422544665672237     
  0.422544668263808     
  0.422544661101862     
  0.422544690203353     
  0.422544647591536     
  0.422544652079368     
  0.422544651893822     
  0.422544641396677     
  0.422544670562355     
  0.422544658346353     
  0.422544673985669     
  0.422544658648944     
  0.422544670533335     
  0.422544677231060     
  0.422544669197986     
  0.422544689143213     
  0.422544662112581     
  0.422544667155915     
  0.422544656008245     
  0.422544660722921     
  0.422544656238979     
  0.422544647672312     
  0.422544664925636     
  0.422544677180577     
  0.422544649993132     
  0.422544666975171     
  0.422544660766119     
  0.422544667606974     
  0.422544674586378     
  0.422544669961070     
  0.422544641642553     
  0.422544668249470     
  0.422544666627871     
  0.422544682837050     
  0.422544669239013     
  0.422544644343970     
  0.422544656139809     
  0.422544645958629     
  0.422544642674547     
  0.422544649104014     
  0.422544666074165     
  0.422544660700253     
  0.422544672953993     
  0.422544674457791     
  0.422544671957502     
  0.422544667211936     
  0.422544654442101     
  0.422544655175681     
  0.422544662764164     
  0.422544648393994     
  0.422544651781358     
  0.422544657882501     
  0.426280736010051     
  0.426878551801405     
  0.427153691470056     
  0.427218667153567     
  0.427125223667759     
  0.426932202145372     
  0.426668344227019     
  0.426364557942257     
  0.426053997320088     
  0.425737205112655     
  0.425423213793785     
  0.425137394206570     
  0.424853815730432     
  0.424604255759882     
  0.424365128929699     
  0.424159485690983     
  0.423961789848560     
  0.423786321811047     
  0.423642755352178     
  0.423503381408017     
  0.423380472645086     
  0.423271873505771     
  0.423176540410040     
  0.423092999124871     
  0.423020175163570     
  0.422968081675845     
  0.422910843772923     
  0.422861405865269     
  0.422818338576497     
  0.422780857283991     
  0.422748482891570     
  0.422720554145861     
  0.422696464036292     
  0.422675528305015     
  0.422657464948941     
  0.422641864424885     
  0.422628401973330     
  0.422616766335039     
  0.422606755260591     
  0.422598152386152     
  0.422590703817372     
  0.422584289240325     
  0.422578778707248     
  0.422574040940320     
  0.422569927110028     
  0.422566370776246     
  0.422563347240511     
  0.422560744202331     
  0.422558480587423     
