  0.105413042934159     
  0.105434953739362     
  0.105442761058782     
  0.105464429107684     
  0.105466137768392     
  0.105478345782815     
  0.105484670314643     
  0.105487808437072     
  0.105491100534223     
  0.105494431723175     
  0.105497022553996     
  0.105499030652801     
  0.105500463014269     
  0.105501571738956     
  0.105502454490123     
  0.105503131732539     
  0.105503704535763     
  0.105504144187599     
  0.105504468679127     
  0.105504723970930     
  0.105504943605217     
  0.105505116249840     
  0.105505232649777     
  0.105505324990051     
  0.105505420928648     
  0.105505448323786     
  0.105505515906883     
  0.105505539026777     
  0.105505573388969     
  0.105505596902690     
  0.105505609328017     
  0.105505617862191     
  0.105505642446914     
  0.105505647287205     
  0.105505683008203     
  0.105505683459066     
  0.105505676994180     
  0.105505675896648     
  0.105505662968993     
  0.105505672732855     
  0.105505699748009     
  0.105505663855648     
  0.105505665216757     
  0.105505683646063     
  0.105505679342061     
  0.105505669220829     
  0.105505695443111     
  0.105505694246689     
  0.105505671723040     
  0.105505689393187     
  0.105505702643029     
  0.105505665865539     
  0.105505670883480     
  0.105505684976770     
  0.105505705971181     
  0.105505707672968     
  0.105505699848198     
  0.105505693472251     
  0.105505664570058     
  0.105505667068409     
  0.105505688335472     
  0.105505698944258     
  0.105505672746039     
  0.105505674517485     
  0.105505675057273     
  0.105505682634912     
  0.105505672678201     
  0.105505679740303     
  0.105505701568076     
  0.105505706352650     
  0.105505682726392     
  0.105505687387025     
  0.105505666471664     
  0.105505702621695     
  0.105505676906380     
  0.105505702687597     
  0.105505678595657     
  0.105505677671040     
  0.105505681472088     
  0.105505656334978     
  0.105505684886382     
  0.105505668541409     
  0.105505674318822     
  0.105505683185356     
  0.105505685243544     
  0.105505674789671     
  0.105505684473976     
  0.105505675415032     
  0.105505694158863     
  0.105505678971760     
  0.105505689760388     
  0.105505685491792     
  0.105505686128821     
  0.105505684621712     
  0.105505706860438     
  0.105505671541280     
  0.105505668609849     
  0.105505675694320     
  0.105505692410015     
  0.105505706914499     
  0.105505691899549     
  0.105505673469241     
  0.105505659064880     
  0.105505693474343     
  0.105505695278080     
  0.105505678349018     
  0.105505704491951     
  0.105505680283301     
  0.105505695103155     
  0.105505670217441     
  0.105505692310499     
  0.105505658640290     
  0.105505672664065     
  0.105505669268316     
  0.105505686229859     
  0.105505691831982     
  0.105505682565844     
  0.105505696043236     
  0.105505688768911     
  0.105505684792859     
  0.105505694884024     
  0.105505682734300     
  0.105505685467239     
  0.105505674315742     
  0.105505671103333     
  0.105505681094114     
  0.105505677069385     
  0.105505681128385     
  0.105505673271007     
  0.105505685539676     
  0.105505685266060     
  0.105505683672018     
  0.105505709175984     
  0.105505688236138     
  0.105505685336753     
  0.105505673547248     
  0.105505681622126     
  0.105505688220246     
  0.105505692421211     
  0.105505696356011     
  0.105505703583474     
  0.105505681778827     
  0.105505681316898     
  0.105505674687317     
  0.105505658823048     
  0.105505673018722     
  0.105505705269692     
  0.105505722997657     
  0.105505687692501     
  0.105505680377454     
  0.105505677785940     
  0.105505684856138     
  0.105505655691518     
  0.105505698189577     
  0.105505693692386     
  0.105505693866577     
  0.105505704433271     
  0.105505675373992     
  0.105505687683487     
  0.105505672033181     
  0.105505687224152     
  0.105505675196537     
  0.105505668527180     
  0.105505676588189     
  0.105505656566172     
  0.105505683429189     
  0.105505678351704     
  0.105505689406753     
  0.105505684679860     
  0.105505689251807     
  0.105505697860665     
  0.105505680635265     
  0.105505668461697     
  0.105505695661568     
  0.105505678582175     
  0.105505684833673     
  0.105505678025570     
  0.105505671119421     
  0.105505675638530     
  0.105505703750650     
  0.105505677231417     
  0.105505679001013     
  0.105505662755400     
  0.105505676245894     
  0.105505701009155     
  0.105505689237741     
  0.105505699577203     
  0.105505703051041     
  0.105505696652580     
  0.105505679761502     
  0.105505685226065     
  0.105505673052514     
  0.105505671486645     
  0.105505673855128     
  0.105505678487952     
  0.105505691141401     
  0.105505690455254     
  0.105505682885371     
  0.105505697311068     
  0.105505693966239     
  0.105505687945706     
  0.114157102361400     
  0.111877386796198     
  0.110158661497663     
  0.108834191218830     
  0.107829214198236     
  0.107067737914527     
  0.106511983020655     
  0.106108906936063     
  0.105808762051120     
  0.105597634455910     
  0.105455729669665     
  0.105349229504965     
  0.105293897121681     
  0.105251852865893     
  0.105239184361419     
  0.105228508617957     
  0.105239343070841     
  0.105253932893174     
  0.105259595944289     
  0.105279699835794     
  0.105299971412014     
  0.105320245713344     
  0.105339611956203     
  0.105357815534916     
  0.105374441456513     
  0.105378768249245     
  0.105394342549023     
  0.105407964019194     
  0.105420240032793     
  0.105431252024885     
  0.105440883056598     
  0.105449260270822     
  0.105456546694840     
  0.105463036464147     
  0.105468686640157     
  0.105473619665890     
  0.105477914919475     
  0.105481671711789     
  0.105484913463050     
  0.105487698989734     
  0.105490148714988     
  0.105492267903769     
  0.105494087593752     
  0.105495653862567     
  0.105497042457706     
  0.105498257292940     
  0.105499269039484     
  0.105500143694122     
  0.105500922100190     
