   1.24195275020139     
   1.24180221788549     
   1.24168584506964     
   1.24158689253801     
   1.24151754533520     
   1.24145568157034     
   1.24141100917796     
   1.24137629907413     
   1.24134758156997     
   1.24132450686601     
   1.24130664135377     
   1.24129282052594     
   1.24128213244336     
   1.24127374834551     
   1.24126715693762     
   1.24126198582584     
   1.24125791391377     
   1.24125474644634     
   1.24125227670191     
   1.24125033296123     
   1.24124880310811     
   1.24124761742014     
   1.24124670085432     
   1.24124597553657     
   1.24124540178602     
   1.24124497046401     
   1.24124460219072     
   1.24124433124650     
   1.24124410572566     
   1.24124393289327     
   1.24124379766370     
   1.24124368597729     
   1.24124359203450     
   1.24124353014865     
   1.24124347820433     
   1.24124346576421     
   1.24124345480860     
   1.24124343840649     
   1.24124342229635     
   1.24124339480993     
   1.24124337923317     
   1.24124339154930     
   1.24124336750792     
   1.24124334681755     
   1.24124334599725     
   1.24124334100935     
   1.24124332647690     
   1.24124333896959     
   1.24124334923955     
   1.24124333648136     
   1.24124334218241     
   1.24124336044769     
   1.24124334098656     
   1.24124332809248     
   1.24124333014850     
   1.24124335269629     
   1.24124337503269     
   1.24124338779885     
   1.24124339322144     
   1.24124336974333     
   1.24124335068843     
   1.24124335415984     
   1.24124336778255     
   1.24124335447992     
   1.24124334403375     
   1.24124333499281     
   1.24124333416655     
   1.24124332360951     
   1.24124332088657     
   1.24124333987547     
   1.24124336198495     
   1.24124335899053     
   1.24124336083387     
   1.24124334193700     
   1.24124336020182     
   1.24124335162822     
   1.24124336914712     
   1.24124336148782     
   1.24124335355925     
   1.24124335003519     
   1.24124332206470     
   1.24124332453604     
   1.24124331071306     
   1.24124330373295     
   1.24124330606371     
   1.24124331022526     
   1.24124330374940     
   1.24124330734711     
   1.24124330172755     
   1.24124331502678     
   1.24124331226545     
   1.24124332035386     
   1.24124332356421     
   1.24124332713297     
   1.24124332891979     
   1.24124335244563     
   1.24124333924032     
   1.24124332425451     
   1.24124331749535     
   1.24124332775412     
   1.24124335143069     
   1.24124335834796     
   1.24124334654645     
   1.24124332155475     
   1.24124333252147     
   1.24124334434603     
   1.24124333851887     
   1.24124335891045     
   1.24124335376863     
   1.24124336364346     
   1.24124334819833     
   1.24124335579049     
   1.24124332960752     
   1.24124331941798     
   1.24124330673863     
   1.24124331181450     
   1.24124332197960     
   1.24124332217407     
   1.24124333561742     
   1.24124334077631     
   1.24124334159016     
   1.24124335226817     
   1.24124335009445     
   1.24124335079250     
   1.24124334045626     
   1.24124332782294     
   1.24124332607999     
   1.24124332052151     
   1.24124331942314     
   1.24124331068303     
   1.24124331474958     
   1.24124331820661     
   1.24124331980549     
   1.24124334637293     
   1.24124335010761     
   1.24124335067612     
   1.24124333959323     
   1.24124333738525     
   1.24124334185622     
   1.24124335008794     
   1.24124336150382     
   1.24124337907828     
   1.24124337372117     
   1.24124336835758     
   1.24124335691755     
   1.24124333082016     
   1.24124332087824     
   1.24124334351116     
   1.24124338169935     
   1.24124338194350     
   1.24124337496738     
   1.24124336602418     
   1.24124336478804     
   1.24124333494999     
   1.24124334943702     
   1.24124335828568     
   1.24124336656550     
   1.24124338455291     
   1.24124337243381     
   1.24124337344425     
   1.24124335896632     
   1.24124336065137     
   1.24124335035725     
   1.24124333436002     
   1.24124332763520     
   1.24124330176629     
   1.24124330450158     
   1.24124330201050     
   1.24124331060879     
   1.24124331383528     
   1.24124332129178     
   1.24124333659775     
   1.24124333366907     
   1.24124331900354     
   1.24124333233648     
   1.24124332774354     
   1.24124332968791     
   1.24124332476871     
   1.24124331346367     
   1.24124330755237     
   1.24124332980503     
   1.24124332409439     
   1.24124332060324     
   1.24124330141438     
   1.24124329710894     
   1.24124331753699     
   1.24124332466996     
   1.24124334138281     
   1.24124336011657     
   1.24124337098534     
   1.24124336431974     
   1.24124336359030     
   1.24124335094004     
   1.24124333780691     
   1.24124332810370     
   1.24124332377215     
   1.24124333225715     
   1.24124333935695     
   1.24124333841210     
   1.24124335174482     
   1.24124336066994     
   1.24124336292266     
   1.24975853665590     
   1.25531750435319     
   1.25871974217568     
   1.26053373148069     
   1.26120680925862     
   1.26107409186447     
   1.26040547494732     
   1.25939606703939     
   1.25817568943385     
   1.25684960759727     
   1.25549479758142     
   1.25414850989495     
   1.25286039353728     
   1.25163866067825     
   1.25050667072133     
   1.24945887702708     
   1.24850940706993     
   1.24765373117646     
   1.24687521621021     
   1.24618162020423     
   1.24556600376196     
   1.24502184568478     
   1.24454227390623     
   1.24412074069057     
   1.24375083763723     
   1.24341613985188     
   1.24312477239284     
   1.24287118810721     
   1.24265090173288     
   1.24245988340374     
   1.24229432530067     
   1.24215086331274     
   1.24202657523524     
   1.24191907284267     
   1.24182612544949     
   1.24174580950725     
   1.24167644052237     
   1.24161657267531     
   1.24156490415724     
   1.24152029996076     
   1.24148183856147     
   1.24144868071309     
   1.24142008793075     
   1.24139542886426     
   1.24137419953773     
   1.24135594199072     
   1.24134020770949     
   1.24132665066108     
