  0.333748874171512     
  0.333762802053682     
  0.333774005399174     
  0.333783293488013     
  0.333790703826861     
  0.333796858959183     
  0.333801335182077     
  0.333804827880960     
  0.333807703851573     
  0.333810006163240     
  0.333811785765680     
  0.333813164409206     
  0.333814233955928     
  0.333815073886688     
  0.333815733478038     
  0.333816250060186     
  0.333816656803546     
  0.333816973328292     
  0.333817220229335     
  0.333817414669831     
  0.333817567646892     
  0.333817686091136     
  0.333817777699483     
  0.333817850224348     
  0.333817907578624     
  0.333817950656970     
  0.333817987540688     
  0.333818014641774     
  0.333818037246023     
  0.333818054515837     
  0.333818068011327     
  0.333818079122491     
  0.333818088494796     
  0.333818094691243     
  0.333818099914676     
  0.333818101130763     
  0.333818102247806     
  0.333818103900610     
  0.333818105482462     
  0.333818108202592     
  0.333818109706190     
  0.333818108447631     
  0.333818111015296     
  0.333818113090568     
  0.333818113120633     
  0.333818113596893     
  0.333818115077328     
  0.333818113775802     
  0.333818112826729     
  0.333818114174467     
  0.333818113526489     
  0.333818111721654     
  0.333818113758679     
  0.333818114988968     
  0.333818114668886     
  0.333818112367284     
  0.333818110195471     
  0.333818109020755     
  0.333818108524002     
  0.333818110853459     
  0.333818112654151     
  0.333818112234352     
  0.333818110939434     
  0.333818112298707     
  0.333818113311659     
  0.333818114174586     
  0.333818114279741     
  0.333818115421619     
  0.333818115642245     
  0.333818113679590     
  0.333818111498860     
  0.333818111880238     
  0.333818111661243     
  0.333818113548230     
  0.333818111681251     
  0.333818112605576     
  0.333818110796354     
  0.333818111641916     
  0.333818112438157     
  0.333818112764070     
  0.333818115627309     
  0.333818115241210     
  0.333818116656433     
  0.333818117380954     
  0.333818117117179     
  0.333818116720168     
  0.333818117399535     
  0.333818117005588     
  0.333818117609009     
  0.333818116226927     
  0.333818116510236     
  0.333818115674072     
  0.333818115447118     
  0.333818115051377     
  0.333818114831057     
  0.333818112471875     
  0.333818113921960     
  0.333818115370946     
  0.333818115945572     
  0.333818114887596     
  0.333818112530354     
  0.333818111938927     
  0.333818113171392     
  0.333818115632372     
  0.333818114467731     
  0.333818113325836     
  0.333818113955026     
  0.333818111815720     
  0.333818112339913     
  0.333818111360981     
  0.333818113004388     
  0.333818112152561     
  0.333818114806344     
  0.333818115821834     
  0.333818117062011     
  0.333818116493758     
  0.333818115477186     
  0.333818115490694     
  0.333818114176479     
  0.333818113658241     
  0.333818113595225     
  0.333818112509323     
  0.333818112720611     
  0.333818112593892     
  0.333818113709911     
  0.333818114980134     
  0.333818115091287     
  0.333818115696341     
  0.333818115783305     
  0.333818116625596     
  0.333818116225015     
  0.333818115945384     
  0.333818115832712     
  0.333818113078755     
  0.333818112681329     
  0.333818112644704     
  0.333818113803338     
  0.333818114002405     
  0.333818113526685     
  0.333818112711961     
  0.333818111547157     
  0.333818109787986     
  0.333818110419166     
  0.333818110951021     
  0.333818112081311     
  0.333818114714736     
  0.333818115606473     
  0.333818113253494     
  0.333818109461609     
  0.333818109547273     
  0.333818110250694     
  0.333818111136802     
  0.333818111217616     
  0.333818114314910     
  0.333818112778859     
  0.333818111858598     
  0.333818111020656     
  0.333818109218908     
  0.333818110532040     
  0.333818110407220     
  0.333818111778447     
  0.333818111556591     
  0.333818112665808     
  0.333818114381017     
  0.333818114982290     
  0.333818117642762     
  0.333818117322418     
  0.333818117524423     
  0.333818116642042     
  0.333818116350154     
  0.333818115576371     
  0.333818113990865     
  0.333818114370710     
  0.333818115843333     
  0.333818114444313     
  0.333818114944466     
  0.333818114791955     
  0.333818115335713     
  0.333818116389539     
  0.333818116911710     
  0.333818114712222     
  0.333818115349945     
  0.333818115659805     
  0.333818117596355     
  0.333818117979599     
  0.333818115895782     
  0.333818115286323     
  0.333818113598252     
  0.333818111659506     
  0.333818110555957     
  0.333818111336602     
  0.333818111464758     
  0.333818112717069     
  0.333818114038485     
  0.333818114941247     
  0.333818115376218     
  0.333818114505530     
  0.333818113780120     
  0.333818113888322     
  0.333818112539301     
  0.333818111657578     
  0.338622949092158     
  0.337098112558264     
  0.335978701154723     
  0.335142688921563     
  0.334527902424347     
  0.334084962021732     
  0.333780523891850     
  0.333575138497701     
  0.333440873567882     
  0.333359693581836     
  0.333317185611654     
  0.333302947496141     
  0.333308433948832     
  0.333326754473555     
  0.333353615113668     
  0.333385538257899     
  0.333420115085451     
  0.333454826203408     
  0.333489253658230     
  0.333522766621381     
  0.333554085139942     
  0.333583004313831     
  0.333609428659109     
  0.333633370905792     
  0.333654914497769     
  0.333674747783657     
  0.333693026477327     
  0.333709125567831     
  0.333723297415120     
  0.333735722301636     
  0.333746584034309     
  0.333756061495808     
  0.333764331511043     
  0.333771540460728     
  0.333777810333909     
  0.333783257741714     
  0.333787985364044     
  0.333792083685441     
  0.333795633447695     
  0.333798706977357     
  0.333801369519395     
  0.333803671422305     
  0.333805660801524     
  0.333807380631273     
  0.333808867872178     
  0.333810150114106     
  0.333811253672774     
  0.333812206828079     
  0.333813029610036     
