  0.528057580474861     
  0.528055533242802     
  0.528054302148880     
  0.528052802024588     
  0.528052677014213     
  0.528052085109134     
  0.528051717685036     
  0.528051473713901     
  0.528051244286035     
  0.528051043027080     
  0.528050882031044     
  0.528050759158278     
  0.528050670229089     
  0.528050602292080     
  0.528050548010550     
  0.528050503887787     
  0.528050468960509     
  0.528050441935412     
  0.528050421042782     
  0.528050404788688     
  0.528050392004190     
  0.528050381842231     
  0.528050373986573     
  0.528050367921100     
  0.528050363113294     
  0.528050359348109     
  0.528050356400008     
  0.528050354080940     
  0.528050352288020     
  0.528050350816879     
  0.528050349647129     
  0.528050348657855     
  0.528050347860675     
  0.528050347279484     
  0.528050346919105     
  0.528050346668343     
  0.528050346609180     
  0.528050346525867     
  0.528050346377264     
  0.528050346179917     
  0.528050345952235     
  0.528050345914056     
  0.528050345986135     
  0.528050345903477     
  0.528050345769002     
  0.528050345693684     
  0.528050345628394     
  0.528050345607738     
  0.528050345719636     
  0.528050345844339     
  0.528050345749217     
  0.528050345822465     
  0.528050345894520     
  0.528050345784134     
  0.528050345582081     
  0.528050345614276     
  0.528050345824683     
  0.528050346108780     
  0.528050346252417     
  0.528050346157243     
  0.528050345876233     
  0.528050345686841     
  0.528050345808959     
  0.528050345902329     
  0.528050345776332     
  0.528050345662714     
  0.528050345603029     
  0.528050345648094     
  0.528050345605322     
  0.528050345562485     
  0.528050345757158     
  0.528050345904746     
  0.528050345935295     
  0.528050345791966     
  0.528050345765740     
  0.528050345837255     
  0.528050345893862     
  0.528050345933814     
  0.528050345936456     
  0.528050345832684     
  0.528050345747250     
  0.528050345588063     
  0.528050345473347     
  0.528050345485487     
  0.528050345435910     
  0.528050345459237     
  0.528050345509155     
  0.528050345464210     
  0.528050345464047     
  0.528050345507732     
  0.528050345481122     
  0.528050345527042     
  0.528050345612481     
  0.528050345683115     
  0.528050345597070     
  0.528050345712975     
  0.528050345835784     
  0.528050345765182     
  0.528050345529526     
  0.528050345485338     
  0.528050345640992     
  0.528050345845546     
  0.528050345934973     
  0.528050345742666     
  0.528050345597038     
  0.528050345691584     
  0.528050345797809     
  0.528050345809600     
  0.528050345791273     
  0.528050345855317     
  0.528050345904060     
  0.528050345864521     
  0.528050345703165     
  0.528050345631191     
  0.528050345515941     
  0.528050345403323     
  0.528050345470129     
  0.528050345527358     
  0.528050345642293     
  0.528050345725609     
  0.528050345738616     
  0.528050345786087     
  0.528050345809091     
  0.528050345731458     
  0.528050345737304     
  0.528050345722208     
  0.528050345583176     
  0.528050345559455     
  0.528050345582642     
  0.528050345463896     
  0.528050345448180     
  0.528050345553846     
  0.528050345640229     
  0.528050345693822     
  0.528050345729376     
  0.528050345753803     
  0.528050345780061     
  0.528050345730413     
  0.528050345684066     
  0.528050345734031     
  0.528050345807246     
  0.528050345919541     
  0.528050346039905     
  0.528050346032667     
  0.528050345920884     
  0.528050345791375     
  0.528050345575360     
  0.528050345508310     
  0.528050345765750     
  0.528050346049691     
  0.528050346049748     
  0.528050345957999     
  0.528050345894872     
  0.528050345781114     
  0.528050345771753     
  0.528050345760399     
  0.528050345829948     
  0.528050345936347     
  0.528050346029840     
  0.528050346018850     
  0.528050345873096     
  0.528050345729872     
  0.528050345758239     
  0.528050345786175     
  0.528050345709385     
  0.528050345541769     
  0.528050345507619     
  0.528050345414998     
  0.528050345402781     
  0.528050345490786     
  0.528050345532977     
  0.528050345560901     
  0.528050345642274     
  0.528050345654700     
  0.528050345557346     
  0.528050345599792     
  0.528050345632544     
  0.528050345705799     
  0.528050345599600     
  0.528050345393203     
  0.528050345480887     
  0.528050345628884     
  0.528050345592450     
  0.528050345484906     
  0.528050345353125     
  0.528050345377549     
  0.528050345535832     
  0.528050345725588     
  0.528050345756595     
  0.528050345835667     
  0.528050345926319     
  0.528050346006506     
  0.528050345944435     
  0.528050345812629     
  0.528050345699888     
  0.528050345583502     
  0.528050345630935     
  0.528050345649535     
  0.528050345705061     
  0.528050345747597     
  0.528050345828207     
  0.540437838371451     
  0.538755938597603     
  0.537312352967719     
  0.536052858372397     
  0.534954437865996     
  0.533999940059899     
  0.533180327247674     
  0.532473464878320     
  0.531862759371207     
  0.531334839568565     
  0.530878943463450     
  0.530486623711535     
  0.530147712852113     
  0.529856108625776     
  0.529604313291118     
  0.529387994308940     
  0.529201132919401     
  0.529040254704221     
  0.528902351296468     
  0.528783081243812     
  0.528680444057101     
  0.528592119219115     
  0.528516152366242     
  0.528450814659787     
  0.528394616620082     
  0.528346849925090     
  0.528305186321946     
  0.528269369884463     
  0.528238578609290     
  0.528212109308876     
  0.528189365948167     
  0.528169814416683     
  0.528153010731131     
  0.528138564769162     
  0.528126151589098     
  0.528115484090775     
  0.528106316892804     
  0.528098438046828     
  0.528091668723641     
  0.528085851375886     
  0.528080852532360     
  0.528076557144094     
  0.528072866301001     
  0.528069694802887     
  0.528066969567734     
  0.528064628069186     
  0.528062616279994     
  0.528060887896453     
  0.528059402687613     
